AO-07
1 07530U 74089B   17348.52292424 -.00000039  00000-0  34057-4 0  9992
2 07530 101.6599 313.8272 0012105 334.3248 139.2173 12.53630165971229
UO-11
1 14781U 84021B   17348.73190474  .00000078  00000-0  15803-4 0  9990
2 14781  97.6747  27.5615 0007783 337.4442  22.6429 14.82964876817108
LO-19
1 20442U 90005G   17348.79415146  .00000013  00000-0  21008-4 0  9995
2 20442  98.5927 283.5974 0011413 340.0160  20.0575 14.32881304457487
HUBBLE
1 20580U 90037B   17348.20214005  .00000480  00000-0  18496-4 0  9995
2 20580 028.4693 257.8753 0002520 311.8385 176.2917 15.08943609317418
MET-2/21
1 22782U 93055A   17348.64010689 -.00000002  00000-0 -14875-4 0  9993
2 22782 082.5501 240.3723 0021252 286.0949 134.9140 13.83806374226381
AO-27
1 22825U 93061C   17348.50383765  .00000003  00000-0  18903-4 0  9996
2 22825 098.8380 316.5289 0008704 158.6559 201.4988 14.30016402262901
IO-26
1 22826U 93061D   17348.49340159  .00000008  00000-0  20678-4 0  9992
2 22826 098.8323 316.5788 0009379 149.5868 210.5859 14.30346759263106
FO-29
1 24278U 96046B   17348.58899565 -.00000054  00000-0 -16674-4 0  9995
2 24278 098.5335 207.5941 0349555 229.6853 127.3259 13.53080423053020
NOAA-15
1 25338U 98030A   17348.56466307  .00000036  00000-0  34157-4 0  9994
2 25338  98.7777 359.7984 0011285  47.2636 312.9491 14.25830545 18711
GO-32
1 25397U 98043D   17348.40015077 -.00000010  00000-0  14628-4 0  9994
2 25397 098.6303 287.0924 0001373 147.8874 212.2388 14.23635903009216
ISS
1 25544U 98067A   17352.51560558  .00016717  00000-0  10270-3 0  9066
2 25544  51.6394 199.4241 0003017 264.5030  95.5779 15.54161089 10419
NO-44
1 26931U 01043C   17348.42551134  .00000007  00000-0  34664-4 0  9991
2 26931 067.0515 346.1466 0005231 269.5388 090.5113 14.30487125846056
SO-50
1 27607U 02058C   17348.37494559  .00000028  00000-0  24611-4 0  9994
2 27607  64.5559 294.9068 0042565  16.4944 343.7532 14.75401712805693
CO-55
1 27844U 03031E   17348.76031960  .00000065  00000-0  48884-4 0  9994
2 27844  98.6887 355.1319 0009768 179.2865 180.8328 14.22081948749984
CO-57
1 27848U 03031J   17348.52781987  .00000060  00000-0  46987-4 0  9990
2 27848 098.6977 355.2349 0009461 189.8067 170.2927 14.21690568749793
RS-22
1 27939U 03042A   17348.84922039  .00000098  00000-0  26172-4 0  9998
2 27939  97.9636 128.0637 0013267  19.0505 102.0405 14.66639682759798
NOAA-18
1 28654U 05018A   17348.56263413  .00000015  00000-0  33714-4 0  9990
2 28654  99.1675  15.0534 0013447 286.5739  73.3955 14.12360473647719
CO-58
1 28895U 05043F   17348.40529841  .00000155  00000-0  38602-4 0  9994
2 28895  97.8835 142.6357 0015616 295.4358  64.5228 14.63485309646845
Falconsat-3
1 30776U 07006E   17348.44607235  .00002766  00000-0  84664-4 0  9993
2 30776 035.4367 002.0050 0003147 176.7625 183.3122 15.33591657595935
CO-65
1 32785U 08021C   17348.80367565  .00000266  00000-0  34549-4 0  9992
2 32785  97.5553   4.7229 0011711 292.4107  67.5869 14.88026323521759
AAUSAT2
1 32788U 08021F   17348.53349634  .00000255  00000-0  28949-4 0  9997
2 32788 097.5410 017.5623 0010599 244.0361 115.9768 14.94149726522502
DO-64
1 32789U 08021G   17348.24736015  .00001866  00000-0  13356-3 0  9993
2 32789 097.5378 042.5398 0012190 203.0825 156.9855 15.05579367523854
CO-66
1 32791U 08021J   17348.51921204  .00000348  00000-0  41094-4 0  9997
2 32791 097.5491 009.3501 0011919 273.7306 086.2549 14.90417547521921
RS-30
1 32953U 08025A   17348.81034574  .00000007  00000-0 -22359-4 0  9995
2 32953  82.5019 127.3481 0018631 250.2207 109.6864 12.43080687433869
PRISM
1 33493U 09002B   17348.64379583  .00000605  00000-0  59572-4 0  9994
2 33493  98.1463 238.4756 0014682 202.1609 157.8985 14.95992036482758
NOAA-19
1 33591U 09005A   17348.58243586  .00000091  00000-0  74364-4 0  9997
2 33591  99.1181 318.1907 0014744 122.9709 237.2881 14.12237229456123
TISAT-1
1 36799U 10035E   17348.59623992  .00000382  00000-0  45048-4 0  9999
2 36799 098.0826 115.2483 0013716 094.9861 265.2922 14.90636490402453
JUGNU
1 37839U 11058B   17348.49123207  .00000307  00000-0  22157-4 0  9997
2 37839 019.9620 077.1930 0019070 011.2896 085.3984 14.12604104319115
SRMSAT
1 37841U 11058D   17348.52290295  .00000305  00000-0  22317-4 0  9992
2 37841 019.9712 122.3968 0011729 262.4772 164.3512 14.10594345318689
AO-71
1 37854U 11061E   17348.81675083  .00001104  00000-0  66107-4 0  9997
2 37854 101.7053 314.3682 0164967 260.0457  98.2101 15.04929116334098
HRBE
1 37855U 11061F   17348.81789279  .00001117  00000-0  65694-4 0  9995
2 37855 101.7167 312.0515 0177893 267.6549  90.4286 15.03898663333933
ALMASAT-1
1 38078U 12006B   17348.80318579  .00031004  38729-5  31130-3 0  9992
2 38078  69.4355   3.3075 0275208  22.5208  29.2925 15.31016922312343
HORYU-2
1 38340U 12025D   17348.55355827  .00000258  00000-0  46062-4 0  9998
2 38340 098.3757 358.8456 0012822 079.9171 280.3483 14.75465102289470
RS-40
1 38735U 12041C   17348.56873187  .00000024  00000-0  10186-3 0  9997
2 38735 082.4758 211.7152 0017123 358.1808 001.9207 12.42575765244078
BEESAT-3
1 39134U 13015E   17348.51438517  .00001756  00000-0  93271-4 0  9992
2 39134 064.8644 004.0454 0030096 236.3114 123.5142 15.18614776256477
BEESAT-2
1 39136U 13015G   17348.47536079  .00001185  00000-0  71498-4 0  9994
2 39136  64.8702  17.4778 0032480 258.2648 101.4833 15.15716335256591
ZACUBE-1
1 39417U 13066B   17348.58279330  .00000272  00000-0  40727-4 0  9995
2 39417 097.6090 021.8731 0060107 040.8621 319.7075 14.80840222219470
TRITON-1
1 39427U 13066M   17348.53660617  .00000250  00000-0  47674-4 0  9997
2 39427 097.6362 351.7926 0115289 130.5485 230.5829 14.67579432217305
GOMX-1
1 39430U 13066Q   17348.55032544  .00000177  00000-0  41096-4 0  9995
2 39430 097.6781 333.9621 0151332 192.9701 166.7590 14.58988816216045
LO-74
1 39440U 13066AA  17348.56419432  .00000275  00000-0  45188-4 0  9997
2 39440 097.6135 009.6689 0082015 075.3835 285.6451 14.75577557217495
AO-73
1 39444U 13066AE  17348.67438456  .00000332  00000-0  47457-4 0  9995
2 39444  97.6103  23.2478 0059156  36.7552 323.7695 14.81599485218338
SPROUT
1 39770U 14029E   17348.84577544  .00000591  00000-0  72853-4 0  9993
2 39770  97.8765  86.5267 0010632  94.2188 266.0249 14.86581958192970
DUCHIFAT-1
1 40021U 14033M   17348.81232671  .00000408  00000-0  48022-4 0  9993
2 40021  97.9165 262.2023 0014394  68.0477 292.2269 14.90134535189494
NANOSATCBR1
1 40024U 14033Q   17348.56212887  .00000427  00000-0  50863-4 0  9992
2 40024 097.9112 260.5409 0013679 070.4719 289.7974 14.89423717188875
EO-79
1 40025U 14033R   17348.30379878  .00000367  00000-0  45395-4 0  9996
2 40025 097.9083 259.0436 0013907 074.5245 285.7506 14.88592655188772
DTUSAT-2
1 40030U 14033W   17348.55676958  .00000328  00000-0  41635-4 0  9998
2 40030 097.9040 258.2153 0013320 069.2344 291.0298 14.88207510188768
EO-80
1 40032U 14033Y   17348.80852856  .00000309  00000-0  39544-4 0  9996
2 40032  97.9048 258.4709 0013292  68.9806 291.2831 14.88143457189309
ANTELSAT
1 40034U 14033AA  17348.61314858  .00000287  00000-0  50162-4 0  9996
2 40034 097.8345 226.7018 0060273 072.7320 288.0472 14.73826119186967
VELOX-1
1 40057U 14034E   17348.74776983  .00000382  00000-0  61465-4 0  9991
2 40057  98.1953  91.7725 0010735 192.0366 168.0588 14.77297950186414
DAURIA DX 1
1 40071U 14037C   17348.78713262  .00000170  00000-0  29261-4 0  9998
2 40071  98.3539 107.2180 0008095 184.3966 175.7178 14.81101458185709
UKUBE-1
1 40074U 14037F   17348.84383149  .00000330  00000-0  47041-4 0  9999
2 40074  98.3648 112.1020 0004768 172.5071 187.6226 14.83675534185967
HODOYOSHI-1
1 40299U 14070B   17348.81227463  .00000741  00000-0  34786-4 0  9996
2 40299  97.3924  68.7421 0012888 171.2980 307.9922 15.22643782172421
CHUBUSAT-1
1 40300U 14070C   17348.80899355  .00000938  00000-0  44847-4 0  9990
2 40300  97.3825  65.3080 0019996 184.1855 292.0456 15.21287584172248
QSAT-EOS
1 40301U 14070D   17348.81140168  .00002074  00000-0  87465-4 0  9999
2 40301  97.3767  65.9110 0027029 178.3525 298.7768 15.24118351172336
FIREBIRD FU3
1 40377U 15003B   17348.61263678  .00001941  00000-0  83776-4 0  9992
2 40377 099.1081 208.6283 0134120 123.8187 237.5894 15.16457132158334
FIREBIRD FU4
1 40378U 15003C   17348.80077430  .00001764  00000-0  76495-4 0  9996
2 40378  99.1083 208.9025 0134318 123.0888 238.3319 15.16470994158379
GRIFEX
1 40379U 15003D   17348.82577946  .00001457  00000-0  68029-4 0  9999
2 40379  99.1118 205.9350 0140687 132.9194 228.3940 15.13772712158203
NO-84
1 40654U 15025D   17348.20244091  .00005888  00000-0  10610-3 0 01663
2 40654 054.9902 149.9635 0168006 001.2468 358.8971 15.37458685027360
NO-83
1 40655U 15025E   17348.36388069  .00015550  00000-0  19760-3 0 01948
2 40655 054.9775 111.1091 0128414 024.3396 336.3685 15.50368755027558
DEORBITSAIL
1 40719U 15032E   17348.56442317  .00000488  00000-0  77734-4 0  9999
2 40719 097.9623 239.8790 0015298 284.9319 075.0197 14.76273106130930
NUDT-PHONESAT
1 40900U 15049B   17348.82566811  .00002558  00000-0  12000-3 0  9998
2 40900  97.4424 354.3096 0012592 320.1318  39.8991 15.20512794123890
XW-2A
1 40903U 15049E   17348.78674121  .00002165  00000-0  56731-4 0  9994
2 40903  97.4057  16.6648 0013852 342.3275  17.7487 15.39756166125423
XW-2C
1 40906U 15049H   17348.85221814  .00000778  00000-0  45222-4 0  9993
2 40906  97.4571 350.7987 0013932 313.3271  46.6799 15.14922639123583
XW-2D
1 40907U 15049J   17348.82184358  .00000840  00000-0  48368-4 0  9996
2 40907  97.4543 350.4924 0013260 311.5108  48.4986 15.15053761123584
LILACSAT-2
1 40908U 15049K   17348.81151584  .00000448  00000-0  28753-4 0  9991
2 40908  97.4649 350.0692 0014864 310.9102  49.0842 15.13350875123489
XW-2F
1 40910U 15049M   17348.84160039  .00001230  00000-0  67176-4 0  9994
2 40910  97.4555 351.4969 0013961 307.6117  52.3848 15.16116003123519
XW-2B
1 40911U 15049N   17348.83297870  .00000807  00000-0  46667-4 0  9999
2 40911  97.4582 350.9660 0013167 311.9656  48.0453 15.15005248123483
DCBB
1 40912U 15049P   17348.85029086  .00001287  00000-0  65992-4 0  9999
2 40912  97.4513 353.8534 0014071 297.1614 184.7003 15.18283622123693
TW-1C
1 40926U 15051B   17348.79371890  .00008591  00000-0  17684-3 0  9992
2 40926  97.2094  27.1218 0009260 225.6689 224.7645 15.46140691124790
TW-1A
1 40928U 15051D   17348.77463002  .00002763  00000-0  76979-4 0  9997
2 40928  97.2090  21.3102 0010333 268.0399 181.8124 15.37589762124430
IO-86
1 40931U 15052B   17348.72791956  .00000805  00000-0  23155-4 0  9992
2 40931   6.0008  25.4115 0013240 281.3412  78.5090 14.76559274119697
LQSat
1 40958U 15057A   17348.80682407  .00000036  00000-0  13426-4 0  9991
2 40958  97.9620  60.8112 0017482 203.6745 156.3660 14.73006658117701
AO-85
1 40967U 15058D   17348.39015488  .00000093  00000-0  29313-4 0 01802
2 40967 064.7785 032.1783 0186357 013.2654 347.3237 14.75589719026384
ATHENOXAT-1
1 41168U 15077C   17348.11744167  .00002106  00000-0  79945-4 0  9991
2 41168  14.9869 294.3527 0011695 352.2693 111.8338 15.12288001110312
ChubuSat-2
1 41338U 16012B   17348.51166213  .00000376  00000-0  22808-4 0  9997
2 41338 031.0045 046.8897 0013895 044.3770 315.7977 14.99887640100081
ChubuSat-3
1 41339U 16012C   17348.81504634  .00000336  00000-0  19498-4 0  9991
2 41339  31.0095  43.8273 0013637  54.1462 306.0425 15.00081612100116
Horyu-4
1 41340U 16012D   17348.50536506  .00000563  00000-0  36496-4 0  9991
2 41340 031.0064 041.9921 0014167 061.5196 298.6865 15.00832302100123
OUFTI-1
1 41458U 16025C   17348.79339717  .00001725  00000-0  93998-4 0  9992
2 41458  98.1642  36.6074 0172972  46.1950 315.3416 15.04050812 89717
e-st@r-II
1 41459U 16025D   17348.83677187  .00000827  00000-0  47716-4 0  9993
2 41459  98.1628  36.5590 0173598  46.3080 315.2373 15.03818470 89717
AAUSAT4
1 41460U 16025E   17348.71066972  .00001858  00000-0  10084-3 0  9998
2 41460  98.1575  36.6747 0165276  44.2044 317.2233 15.05026933 89732
LO-87
1 41557U 16033B   17348.76465828  .00001530  00000-0  58936-4 0  9998
2 41557  97.4514  68.2372 0015614  90.1915 270.1114 15.27818388 85992
NuSat2
1 41558U 16033C   17348.81764092  .00001561  00000-0  60395-4 0  9996
2 41558  97.4541  68.3634 0015055  88.9843 271.3121 15.27647648 85999
Lapan A3
1 41603U 16040E   17348.82530645  .00000282  00000-0  16506-4 0  9995
2 41603  97.4391  48.4205 0013794 157.2679 315.3294 15.19482151 82085
Swayam
1 41607U 16040J   17348.43580023  .00001811  00000-0  83068-4 0  9997
2 41607 097.4395 048.8048 0014587 160.1571 200.0236 15.21635211082005
Pratham
1 41783U 16059A   17348.18952812  .00000054  00000-0  19915-4 0  9991
2 41783  98.1451  47.4814 0032678 317.9035  41.9657 14.62886774 64910
AlSat 1N
1 41789U 16059G   17348.84867468  .00000068  00000-0  22195-4 0  9991
2 41789  98.1453  48.9863 0027379 309.5202  50.3564 14.64109836 65048
ScatSat
1 41790U 16059H   17348.69344285  .00000023  00000-0  17084-4 0  9995
2 41790  98.2875  34.5647 0017243 299.6600  60.2877 14.50853056 64434
TY-1
1 41844U 16066D   17348.77521906  .00001452  00000-0  65198-4 0  9995
2 41844  97.4060 353.2757 0015216 331.1529 114.8398 15.22696575 60817
CAS-2T
1 41845U 16066E   17348.84570427  .00000091  00000-0  23510-4 0  9996
2 41845  98.7681   8.7137 0367617  71.9704 292.1160 14.37838772 57459
Pegasus-1
1 41846U 16066F   17348.56816650  .00000363  00000-0  64731-4 0  9999
2 41846 098.7707 008.0886 0369690 074.7651 289.4090 14.37211963057388
STARS-C
1 41895U 98067KR  17348.55846122  .00065048  00000-0  32646-3 0  9990
2 41895 051.6325 194.6182 0004669 211.8614 148.2106 15.81097480056309
TO-89
1 41932U 98067KU  17348.45659394  .00020204  00000-0  19347-3 0  9992
2 41932 051.6376 205.3370 0004884 202.5210 157.5572 15.66650525051723
AOBA-V3LOX3
1 41935U 98067KX  17348.04765877  .00023517  00000-0  21288-3 0  9991
2 41935  51.6369 206.3400 0004382 199.6535 160.4293 15.67942464 51777
OSNSAT
1 41939U 98067KZ  17348.81990538  .00177209  23035-4  49901-3 0  9991
2 41939  51.6290 186.5181 0007183 220.6334 139.4138 15.93113917 51353
EO-88
1 42017U 17008BX  17348.54604801  .00001736  00000-0  75006-4 0  9990
2 42017 097.4744 049.5186 0005279 319.4718 040.6126 15.23834034045944
HAVELSAT
1 42700U 98067LH  17348.86676695  .00015186  00000-0  17060-3 0  9997
2 42700  51.6374 211.0538 0003874 262.3266  97.7289 15.62833634 33122
SOMP2
1 42701U 98067LJ  17348.83915101  .00014694  00000-0  16850-3 0  9992
2 42701  51.6371 211.6203 0003862 262.1368  97.9188 15.62332114 33108
Columbia
1 42702U 98067LK  17348.76643155  .00062906  00000-0  39896-3 0  9996
2 42702  51.6324 205.0778 0005151 215.4378 144.6280 15.75894557 33118
PHOENIX
1 42706U 98067LP  17348.82557543  .00012791  00000-0  14749-3 0  9999
2 42706  51.6371 211.5319 0001651 174.6142 185.4870 15.62331855 33024
X-CubeSat
1 42707U 98067LQ  17348.81230890  .00014192  00000-0  15981-3 0  9998
2 42707  51.6354 211.4271 0001865 176.8359 183.2648 15.62840765 33016
qbee
1 42708U 98067LR  17348.82495866  .00015347  00000-0  17408-3 0  9995
2 42708  51.6366 211.5149 0001801 178.9148 181.1851 15.62577249 32975
ZA-AeroSat
1 42713U 98067LU  17348.84644557  .00012501  00000-0  15005-3 0  9996
2 42713  51.6368 212.4176 0002964 176.4715 183.6300 15.61307272 32676
LINK
1 42714U 98067LV  17348.82206921  .00021855  00000-0  22548-3 0  9996
2 42714  51.6346 210.7341 0003595 176.1189 183.9834 15.64722095 32808
UPSat
1 42716U 98067LX  17348.82406113  .00018512  00000-0  19705-3 0  9990
2 42716  51.6366 210.7667 0002401 247.9144 112.1596 15.64052358 32825
SpaceCube
1 42717U 98067LY  17348.84255726  .00015215  00000-0  17335-3 0  9999
2 42717  51.6366 211.6384 0002446 254.7525 105.3198 15.62470639 32051
Hoopoe
1 42718U 98067LZ  17348.80047118  .00014966  00000-0  16531-3 0  9999
2 42718  51.6367 211.3583 0002466 247.7220 112.3513 15.63286771 32059
Challenger
1 42721U 98067MA  17348.82954630  .00025598  00000-0  24950-3 0  9998
2 42721  51.6353 210.0315 0005262 233.2531 126.7982 15.66045505 31777
NJUST-1
1 42722U 98067MB  17348.82302149  .00011408  00000-0  13984-3 0  9991
2 42722  51.6373 213.0099 0005577 248.6800 111.3598 15.60853198 31738
UNSW-EC0
1 42723U 98067MC  17348.83536076  .00017799  00000-0  19552-3 0  9997
2 42723  51.6377 211.5974 0005165 240.6931 119.3548 15.63268519 31731
DUTHsat
1 42724U 98067MD  17348.85885048  .00022962  00000-0  22891-3 0  9994
2 42724  51.6361 210.2418 0004489 232.7080 127.3507 15.65553062 31678
LO-90
1 42725U 98067ME  17348.85785637  .00014411  00000-0  16943-3 0  9999
2 42725  51.6373 212.4948 0004565 245.9344 114.1172 15.61698638 31642
nSIGHT1
1 42726U 98067MF  17348.82277415  .00006018  00000-0  83728-4 0  9997
2 42726  51.6383 214.5200 0005026 257.6588 102.3842 15.58502254 31626
QBITO
1 42728U 98067MH  17348.87347407  .00015106  00000-0  17266-3 0  9994
2 42728  51.6389 211.8670 0002250 232.8586 127.2203 15.62394164 31467
Aalto-2
1 42729U 98067MJ  17348.87145814  .00014837  00000-0  16926-3 0  9995
2 42729  51.6373 211.8391 0002234 231.7972 128.2822 15.62459748 31479
SUSat
1 42730U 98067MK  17348.82887421  .00014711  00000-0  17055-3 0  9994
2 42730  51.6369 212.2978 0002378 232.5606 127.5172 15.62048865 31456
i-INSPIRE II
1 42731U 98067ML  17348.81744097  .00018247  00000-0  19835-3 0  9991
2 42731  51.6359 211.4530 0006962 195.0745 165.0043 15.63506269 31510
PolyITAN-2-SAU
1 42732U 98067MM  17348.79656614  .00015278  00000-0  17277-3 0  9995
2 42732  51.6366 212.0693 0006924 196.1187 163.9588 15.62642832 31502
SNUSAT-1
1 42733U 98067MN  17348.76582447  .00014990  00000-0  17382-3 0  9992
2 42733  51.6368 212.6176 0006875 198.4483 161.6263 15.62009131 31498
ExAlta-1
1 42734U 98067MP  17348.82308495  .00017862  00000-0  19429-3 0  9994
2 42734  51.6357 211.4930 0007427 220.0451 139.9996 15.63503649 31465
Aoxiang-1
1 42735U 98067MQ  17348.81383651  .00012011  00000-0  14608-3 0  9996
2 42735  51.6367 212.9412 0006167 246.0674 113.9674 15.60996811 32867
BeEagleSat
1 42736U 98067MR  17348.85513397  .00013110  00000-0  15574-3 0  9997
2 42736  51.6366 212.4659 0006039 243.3945 116.6430 15.61517038 31561
Atlantis
1 42737U 98067MS  17348.81612273  .00049359  00000-0  35988-3 0  9992
2 42737  51.6325 206.9045 0006434 216.7583 143.2975 15.72752962 31520
CAS-4B
1 42759U 17034B   17348.79934028  .00000343  00000-0  34870-4 0  9993
2 42759  43.0188  15.3972 0007946  25.9612 327.6139 15.09135691 27584
CAS-4A
1 42761U 17034D   17348.85609954  .00000390  00000-0  37708-4 0  9995
2 42761  43.0195  14.9717 0008311  27.9683 323.3563 15.09211602 27585
UCLSat
1 42765U 17036A   17348.61375962  .00001416  00000-0  66249-4 0  9996
2 42765 097.4281 046.2196 0012124 011.3406 348.8101 15.21341502027233
NIUSat
1 42766U 17036B   17348.76221942  .00001085  00000-0  53466-4 0  9990
2 42766  97.4283  46.0293 0015870 354.9527   5.1546 15.19982064 26510
LituanicaSAT 2
1 42768U 17036D   17348.46348395  .00002543  00000-0  11897-3 0  9992
2 42768 097.4292 045.8169 0015800 359.0662 001.0541 15.20573284026488
Aalto 1
1 42775U 17036L   17348.70866806  .00000930  00000-0  45770-4 0  9995
2 42775  97.4280  46.0955 0014126 356.7896   3.3246 15.20400663 26467
URSA MAIOR
1 42776U 17036M   17348.17698592  .00001008  00000-0  49241-4 0  9996
2 42776  97.4284  45.5904 0014039 358.9416   1.1787 15.20459840 26383
Max Valier Sat
1 42778U 17036P   17348.19655164  .00001153  00000-0  55190-4 0  9999
2 42778  97.4302  45.7531 0012693   5.0812 355.0550 15.20903099 26387
Pegasus
1 42784U 17036V   17348.36681609  .00001373  00000-0  64601-4 0  9999
2 42784 097.4284 045.9441 0012677 011.7701 348.3828 15.21181886026418
NUDATSat
1 42787U 17036Y   17348.60526168  .00001943  00000-0  89170-4 0  9998
2 42787 097.4291 046.2375 0012193 011.5089 348.6424 15.21553053026299
SUCHAI 1
1 42788U 17036Z   17348.41755955  .00001627  00000-0  75567-4 0  9990
2 42788  97.4284  46.0270 0012310  11.9319 348.2206 15.21373536 26497
SKCUBE
1 42789U 17036AA  17348.61201814  .00001428  00000-0  66718-4 0  9990
2 42789 097.4282 046.2231 0012113 011.3585 348.7921 15.21373044026443
VZLUSAT 1
1 42790U 17036AB  17348.40068634  .00002187  00000-0  99892-4 0  9992
2 42790 097.4287 046.0437 0011788 012.8407 347.3127 15.21588304026419
VENTA 1
1 42791U 17036AC  17348.60130256  .00001354  00000-0  63314-4 0  9990
2 42791 097.4282 046.2362 0011761 012.3604 347.7918 15.21444974026437
Robusta 1B
1 42792U 17036AD  17348.20273265  .00001527  00000-0  70877-4 0  9999
2 42792 097.4281 045.8473 0011764 014.1431 346.0132 15.21505531026398
D-SAT
1 42794U 17036AF  17348.46515905  .00000378  00000-0  38508-4 0  9997
2 42794 097.6200 044.8308 0127554 176.0509 184.1748 14.90735222026209
BIRD-J
1 42820U 98067MU  17348.82753490  .00013061  00000-0  15968-3 0  9990
2 42820  51.6366 213.7818 0003848 172.8847 187.2202 15.60775988 25000
BIRD-G
1 42821U 98067MV  17348.07017667  .00016485  00000-0  20161-3 0  9991
2 42821  51.6368 217.7238 0003774 172.7672 187.3376 15.60544507 24863
BIRD-M
1 42822U 98067MW  17348.58118440  .00013548  00000-0  16632-3 0  9994
2 42822 051.6368 215.1380 0003722 176.2419 183.8603 15.60628507024963
BIRD-B
1 42823U 98067MX  17348.77506293  .00013124  00000-0  16118-3 0  9992
2 42823  51.6372 214.1890 0006113 204.0824 155.9884 15.60642373 24970
BIRD-N
1 42824U 98067MY  17348.07815338  .00016261  00000-0  19905-3 0  9991
2 42824  51.6380 217.7890 0005982 201.4863 158.5880 15.60522843 24857
TechnoSat
1 42829U 17042E   17348.84982625  .00000116  00000-0  17297-4 0  9994
2 42829  97.6080 252.9932 0015826  92.1942 268.1089 14.90736965 22871
Mayak
1 42830U 17042F   17348.83563632  .00000858  00000-0  92037-4 0  9996
2 42830  97.6087 253.0238 0015898  89.3675 270.9366 14.91011333 22865
OBJECT MZ
1 42910U 98067MZ  17348.82398611  .00009567  00000-0  12656-3 0  9997
2 42910  51.6361 215.2478 0006384 229.4591 130.5847 15.59048725 18577
OBJECT NA
1 42911U 98067NA  17348.81577181  .00011749  00000-0  15220-3 0  9993
2 42911  51.6375 215.2125 0006090 222.8057 137.2462 15.59348985 18556
OBJECT NB
1 42912U 98067NB  17348.83307077  .00011428  00000-0  14987-3 0  9994
2 42912  51.6367 215.2954 0005188 235.2134 124.8371 15.59057388 18576
OBJECT NC
1 42913U 98067NC  17348.10548340  .00023652  00000-0  27698-3 0  9990
2 42913  51.6363 217.9518 0004040 230.6868 129.3768 15.61409713 18438
OBJECT ND
1 42914U 98067ND  17348.58630231  .00010797  00000-0  14330-3 0  9999
2 42914 051.6375 216.6755 0005239 228.1703 131.8843 15.58806092018509
QIKCOM-1
1 42983U 98067NF  17348.79071468  .00003493  00000-0  58359-4 0  9994
2 42983  51.6429 217.7904 0003890 215.6137 264.1499 15.54914720  7516
AO-91
1 43017U 17073E   17348.38379997  .00000473  00000-0  42465-4 0  9990
2 43017 097.6935 282.4015 0261312 152.8745 208.6402 14.77797456003816
EcAMSat
1 43019U 98067NG  17348.83804411  .00004500  00000-0  72691-4 0  9997
2 43019  51.6392 217.6124 0005229 197.9384 162.1423 15.55079275 89841
